      mean           sd     
  0.778652632   0.127531972 
 (0.005529212) (0.003909743)
     meanlog        sdlog   
  -0.28895538    0.39886697 
 ( 0.01729308) ( 0.01222805)
      rate   
  1.28426972 
 (0.05568015)
$x
  [1] 0.8230 0.8460 0.7720 0.7860 0.8500 0.8750 0.8660 0.8950 0.9350 0.9190 0.9100 0.9070 0.8000 0.8610 0.9280 0.7470 0.6830
 [18] 0.8160 0.8220 0.7420 0.8150 0.8930 0.9230 0.6880 0.8100 0.9310 0.8460 0.8310 0.9360 0.9150 0.8540 0.8570 0.8970 0.9100
 [35] 0.7600 0.8420 0.8460 0.8940 0.9430 0.8200 0.9020 0.8140 0.9200 0.8780 0.8170 0.9300 0.8410 0.9360 0.9380 0.8210 0.7140
 [52] 0.7460 0.8600 0.8900 0.8060 0.8160 0.9110 0.8820 0.7710 0.8730 0.8280 0.8310 0.8280 0.7870 0.7520 0.9050 0.7800 0.9030
 [69] 0.8050 0.8400 0.8420 0.8970 0.8570 0.8440 0.8110 0.8670 0.7500 1.0000 1.0000 0.0286 0.7990 0.8320 0.7530 0.9330 0.8520
 [86] 0.7970 0.7540 0.9110 0.8950 0.8680 0.8720 0.9120 0.7250 0.8490 0.9060 0.8840 0.9200 0.8740 0.9020 0.8360 0.9000 0.7680
[103] 0.7320 0.7990 0.7540 0.7670 0.8230 0.7500 0.7270 0.7860 0.6640 0.8750 0.8380 0.8820 0.8810 0.7730 0.7920 0.7480 0.8900
[120] 0.6880 0.7980 0.9140 0.7660 0.7420 0.7830 0.7920 0.8580 0.8120 0.8090 0.7050 0.7310 0.7270 0.6360 1.0000 0.7780 0.7690
[137] 0.7480 0.6050 0.7090 0.8620 0.7730 0.6800 0.8440 0.6650 0.8250 0.8130 0.8440 0.7800 0.7680 0.8010 0.6790 0.8720 0.7280
[154] 0.8890 0.7030 0.5450 0.7900 1.0000 0.6670 0.8890 0.7150 0.7670 0.7010 0.8460 0.8530 0.7720 0.8370 0.8060 0.8690 0.8410
[171] 0.7470 0.7790 0.8060 0.8110 0.7890 0.6960 0.8420 0.8880 0.8010 0.8430 0.7850 0.5680 0.0286 0.7980 0.7490 0.8990 0.8930
[188] 0.7500 0.7620 0.8290 0.8600 0.7820 0.8690 0.8770 0.8650 0.9340 0.8360 0.7570 0.7930 0.9070 0.8640 0.8030 0.7580 0.7920
[205] 0.7850 0.8200 0.9250 0.7580 0.8440 0.5670 0.8540 0.6360 0.8200 0.7930 0.7630 0.8090 0.6780 0.8010 0.8280 0.7930 0.6670
[222] 0.8770 0.8710 0.7220 0.7540 0.8540 0.7380 0.8560 0.8830 0.7420 0.8720 0.8210 0.7350 0.7390 0.8420 0.8890 0.6920 0.7160
[239] 0.6610 0.7250 0.8460 0.8600 0.7880 0.7910 0.8580 0.9090 0.7910 0.8150 0.8320 0.7700 0.8380 0.7140 0.7940 0.8800 0.8460
[256] 0.7940 0.7700 0.7080 0.8000 0.5290 0.7780 1.0000 0.6670 1.0000 0.6560 0.7700 0.7730 0.7280 0.7960 0.8650 0.8480 0.7120
[273] 0.7390 0.7850 0.8100 0.7050 0.6950 0.8570 0.7810 0.7820 0.8550 0.7580 0.7480 0.7340 0.6250 1.0000 0.9090 0.5000 0.7380
[290] 0.8110 0.5010 0.8020 0.6970 0.7390 0.7960 0.8300 0.7620 0.8130 0.7980 0.6840 0.8050 0.7900 0.6770 0.7250 0.7680 0.7770
[307] 0.7260 0.7700 0.7400 0.6590 0.6450 0.7980 0.6310 0.7910 1.0000 0.6670 0.8810 0.8140 0.8430 0.7880 0.6590 0.8480 0.8790
[324] 0.8200 0.7520 0.8280 0.8370 0.8860 0.8140 0.7440 0.7870 0.8270 0.7870 0.7430 0.8780 0.8090 0.7030 0.8370 0.7920 0.8000
[341] 0.9330 1.0000 0.5540 0.7880 0.7590 0.7930 0.8110 0.6790 0.7270 0.7860 0.6380 0.8460 0.7890 0.8490 0.7020 0.8150 0.7090
[358] 0.8410 0.7680 0.7720 0.7020 0.7870 0.8780 0.6080 0.2860 1.0000 0.8080 0.8460 0.7970 0.6430 0.7000 0.8030 0.7680 0.8430
[375] 0.6630 0.8280 0.7240 0.7590 0.8320 0.7380 0.8520 0.7240 0.8240 0.5620 0.7330 0.8210 0.6440 0.8280 0.6920 0.9090 0.6670
[392] 0.6670 0.8670 0.6150 0.0286 0.8320 0.8720 0.9000 0.7490 0.8270 0.7740 0.7550 0.7160 0.7730 0.7670 0.6980 0.8170 0.8470
[409] 0.7940 0.7870 0.7800 0.8950 0.7820 0.7460 0.7400 0.7600 0.7130 0.7590 0.4650 0.8890 0.0286 0.0286 0.7370 0.7200 0.6890
[426] 0.6880 0.5070 0.7900 0.6690 0.7510 0.6990 0.7540 0.7260 0.8260 0.6350 0.7480 0.7350 0.6770 0.7100 0.5130 0.7030 0.7120
[443] 0.8310 0.7290 0.4820 0.8330 0.0286 0.7360 0.8740 0.7530 0.7770 0.8340 0.8490 0.7410 0.7190 0.8640 0.7260 0.8310 0.8530
[460] 0.7440 0.7600 0.8770 0.8870 0.7020 0.9120 0.8980 0.8270 0.7940 0.7790 0.7190 0.8040 0.9510 0.7860 0.9490 0.9330 0.4990
[477] 0.5950 0.7440 0.7180 0.7790 0.7780 0.7490 0.6600 0.6930 0.7090 0.8500 0.8320 0.7430 0.7290 0.7640 0.7040 0.7320 0.7220
[494] 0.8520 0.7890 0.8440 0.6320 0.7440 0.6530 0.8570 0.4320 0.7120 0.7350 0.6520 0.8130 0.4910 0.7850 0.8140 0.7750 0.8460
[511] 0.7810 0.7450 0.7960 0.8050 0.8100 0.7900 0.7060 0.8190 0.6290 0.6930 0.7830 0.7290 0.8060 0.6990 0.6500 0.7630 0.7060
[528] 0.8000 0.7790 1.0000 1.0000 0.0286

$lambda
[1] 0.05238159 0.94761841

$mu
[1] 0.4486267 0.7968956

$sigma
[1] 0.27858630 0.08074584

$loglik
[1] 482.9021

$posterior
            comp.1       comp.2
  [1,] 0.006796672 9.932033e-01
  [2,] 0.006921336 9.930787e-01
  [3,] 0.008493071 9.915069e-01
  [4,] 0.007706173 9.922938e-01
  [5,] 0.006995753 9.930042e-01
  [6,] 0.007866889 9.921331e-01
  [7,] 0.007466197 9.925338e-01
  [8,] 0.009199323 9.908007e-01
  [9,] 0.014844485 9.851555e-01
 [10,] 0.011940222 9.880598e-01
 [11,] 0.010727640 9.892724e-01
 [12,] 0.010377101 9.896229e-01
 [13,] 0.007185466 9.928145e-01
 [14,] 0.007287900 9.927121e-01
 [15,] 0.013438060 9.865619e-01
 [16,] 0.010809671 9.891903e-01
 [17,] 0.029515248 9.704848e-01
 [18,] 0.006858934 9.931411e-01
 [19,] 0.006802684 9.931973e-01
 [20,] 0.011461854 9.885381e-01
 [21,] 0.006871709 9.931283e-01
 [22,] 0.009033924 9.909661e-01
 [23,] 0.012566961 9.874330e-01
 [24,] 0.026763799 9.732362e-01
 [25,] 0.006950469 9.930495e-01
 [26,] 0.014012308 9.859877e-01
 [27,] 0.006921336 9.930787e-01
 [28,] 0.006782754 9.932172e-01
 [29,] 0.015065234 9.849348e-01
 [30,] 0.011369619 9.886304e-01
 [31,] 0.007086765 9.929132e-01
 [32,] 0.007166282 9.928337e-01
 [33,] 0.009372938 9.906271e-01
 [34,] 0.010727640 9.892724e-01
 [35,] 0.009433224 9.905668e-01
 [36,] 0.006863009 9.931370e-01
 [37,] 0.006921336 9.930787e-01
 [38,] 0.009115617 9.908844e-01
 [39,] 0.016768307 9.832317e-01
 [40,] 0.006817577 9.931824e-01
 [41,] 0.009845240 9.901548e-01
 [42,] 0.006885468 9.931145e-01
 [43,] 0.012091433 9.879086e-01
 [44,] 0.008025245 9.919748e-01
 [45,] 0.006847138 9.931529e-01
 [46,] 0.013816339 9.861837e-01
 [47,] 0.006850894 9.931491e-01
 [48,] 0.015065234 9.849348e-01
 [49,] 0.015522913 9.844771e-01
 [50,] 0.006809651 9.931903e-01
 [51,] 0.016947608 9.830524e-01
 [52,] 0.010934063 9.890659e-01
 [53,] 0.007255787 9.927442e-01
 [54,] 0.008800522 9.911995e-01
 [55,] 0.007031756 9.929682e-01
 [56,] 0.006858934 9.931411e-01
 [57,] 0.010850085 9.891499e-01
 [58,] 0.008257406 9.917426e-01
 [59,] 0.008561174 9.914388e-01
 [60,] 0.007768458 9.922315e-01
 [61,] 0.006780870 9.932191e-01
 [62,] 0.006782754 9.932172e-01
 [63,] 0.006780870 9.932191e-01
 [64,] 0.007660824 9.923392e-01
 [65,] 0.010229715 9.897703e-01
 [66,] 0.010156789 9.898432e-01
 [67,] 0.008007318 9.919927e-01
 [68,] 0.009946640 9.900534e-01
 [69,] 0.007054685 9.929453e-01
 [70,] 0.006839753 9.931602e-01
 [71,] 0.006863009 9.931370e-01
 [72,] 0.009372938 9.906271e-01
 [73,] 0.007166282 9.928337e-01
 [74,] 0.006890189 9.931098e-01
 [75,] 0.006932711 9.930673e-01
 [76,] 0.007505511 9.924945e-01
 [77,] 0.010453547 9.895465e-01
 [78,] 0.050743418 9.492566e-01
 [79,] 0.050743418 9.492566e-01
 [80,] 1.000000000 4.260767e-18
 [81,] 0.007214928 9.927851e-01
 [82,] 0.006785276 9.932147e-01
 [83,] 0.010121696 9.898783e-01
 [84,] 0.014418490 9.855815e-01
 [85,] 0.007039149 9.929609e-01
 [86,] 0.007277257 9.927227e-01
 [87,] 0.010016199 9.899838e-01
 [88,] 0.010850085 9.891499e-01
 [89,] 0.009199323 9.908007e-01
 [90,] 0.007546083 9.924539e-01
 [91,] 0.007721316 9.922787e-01
 [92,] 0.010975437 9.890246e-01
 [93,] 0.014350653 9.856493e-01
 [94,] 0.006975615 9.930244e-01
 [95,] 0.010265646 9.897344e-01
 [96,] 0.008382976 9.916170e-01
 [97,] 0.012091433 9.879086e-01
 [98,] 0.007816975 9.921830e-01
 [99,] 0.009845240 9.901548e-01
[100,] 0.006804860 9.931951e-01
[101,] 0.009649527 9.903505e-01
[102,] 0.008776075 9.912239e-01
[103,] 0.013019780 9.869802e-01
[104,] 0.007214928 9.927851e-01
[105,] 0.010016199 9.899838e-01
[106,] 0.008851355 9.911486e-01
[107,] 0.006796672 9.932033e-01
[108,] 0.010453547 9.895465e-01
[109,] 0.013947621 9.860524e-01
[110,] 0.007706173 9.922938e-01
[111,] 0.044013713 9.559863e-01
[112,] 0.007866889 9.921331e-01
[113,] 0.006820381 9.931796e-01
[114,] 0.008257406 9.917426e-01
[115,] 0.008197035 9.918030e-01
[116,] 0.008426680 9.915733e-01
[117,] 0.007453593 9.925464e-01
[118,] 0.010688163 9.893118e-01
[119,] 0.008800522 9.911995e-01
[120,] 0.026763799 9.732362e-01
[121,] 0.007245521 9.927545e-01
[122,] 0.011235134 9.887649e-01
[123,] 0.008928519 9.910715e-01
[124,] 0.011461854 9.885381e-01
[125,] 0.007850389 9.921496e-01
[126,] 0.007453593 9.925464e-01
[127,] 0.007194991 9.928050e-01
[128,] 0.006915962 9.930840e-01
[129,] 0.006969244 9.930308e-01
[130,] 0.019653635 9.803464e-01
[131,] 0.013196682 9.868033e-01
[132,] 0.013947621 9.860524e-01
[133,] 0.085119223 9.148808e-01
[134,] 0.050743418 9.492566e-01
[135,] 0.008119318 9.918807e-01
[136,] 0.008702642 9.912974e-01
[137,] 0.010688163 9.893118e-01
[138,] 0.187340505 8.126595e-01
[139,] 0.018376923 9.816231e-01
[140,] 0.007321176 9.926788e-01
[141,] 0.008426680 9.915733e-01
[142,] 0.031346935 9.686531e-01
[143,] 0.006890189 9.931098e-01
[144,] 0.043052417 9.569476e-01
[145,] 0.006787505 9.932125e-01
[146,] 0.006900217 9.930998e-01
[147,] 0.006890189 9.931098e-01
[148,] 0.008007318 9.919927e-01
[149,] 0.008776075 9.912239e-01
[150,] 0.007157122 9.928429e-01
[151,] 0.031990297 9.680097e-01
[152,] 0.007721316 9.922787e-01
[153,] 0.013753168 9.862468e-01
[154,] 0.008726488 9.912735e-01
[155,] 0.020340987 9.796590e-01
[156,] 0.662025251 3.379747e-01
[157,] 0.007532657 9.924673e-01
[158,] 0.050743418 9.492566e-01
[159,] 0.041206306 9.587937e-01
[160,] 0.008726488 9.912735e-01
[161,] 0.016682053 9.833179e-01
[162,] 0.008851355 9.911486e-01
[163,] 0.021063446 9.789366e-01
[164,] 0.006921336 9.930787e-01
[165,] 0.007062424 9.929376e-01
[166,] 0.008493071 9.915069e-01
[167,] 0.006812141 9.931879e-01
[168,] 0.007031756 9.929682e-01
[169,] 0.007587931 9.924121e-01
[170,] 0.006850894 9.931491e-01
[171,] 0.010809671 9.891903e-01
[172,] 0.008062564 9.919374e-01
[173,] 0.007031756 9.929682e-01
[174,] 0.006932711 9.930673e-01
[175,] 0.007574085 9.924259e-01
[176,] 0.023036446 9.769636e-01
[177,] 0.006863009 9.931370e-01
[178,] 0.008654276 9.913457e-01
[179,] 0.007157122 9.928429e-01
[180,] 0.006876106 9.931239e-01
[181,] 0.007752870 9.922471e-01
[182,] 0.448267888 5.517321e-01
[183,] 1.000000000 4.260767e-18
[184,] 0.007245521 9.927545e-01
[185,] 0.010569476 9.894305e-01
[186,] 0.009555114 9.904449e-01
[187,] 0.009033924 9.909661e-01
[188,] 0.010453547 9.895465e-01
[189,] 0.009256769 9.907432e-01
[190,] 0.006780552 9.932194e-01
[191,] 0.007255787 9.927442e-01
[192,] 0.007901255 9.920987e-01
[193,] 0.007587931 9.924121e-01
[194,] 0.007971001 9.920290e-01
[195,] 0.007428123 9.925719e-01
[196,] 0.014628947 9.853711e-01
[197,] 0.006804860 9.931951e-01
[198,] 0.009714301 9.902857e-01
[199,] 0.007415921 9.925841e-01
[200,] 0.010377101 9.896229e-01
[201,] 0.007391272 9.926087e-01
[202,] 0.007103738 9.928963e-01
[203,] 0.009618361 9.903816e-01
[204,] 0.007453593 9.925464e-01
[205,] 0.007752870 9.922471e-01
[206,] 0.006817577 9.931824e-01
[207,] 0.012903133 9.870969e-01
[208,] 0.009618361 9.903816e-01
[209,] 0.006890189 9.931098e-01
[210,] 0.457364796 5.426352e-01
[211,] 0.007086765 9.929132e-01
[212,] 0.085119223 9.148808e-01
[213,] 0.006817577 9.931824e-01
[214,] 0.007415921 9.925841e-01
[215,] 0.009171687 9.908283e-01
[216,] 0.006969244 9.930308e-01
[217,] 0.032650855 9.673491e-01
[218,] 0.007157122 9.928429e-01
[219,] 0.006780870 9.932191e-01
[220,] 0.007415921 9.925841e-01
[221,] 0.041206306 9.587937e-01
[222,] 0.007971001 9.920290e-01
[223,] 0.007675527 9.923245e-01
[224,] 0.014992362 9.850076e-01
[225,] 0.010016199 9.899838e-01
[226,] 0.007086765 9.929132e-01
[227,] 0.012041524 9.879585e-01
[228,] 0.007138682 9.928613e-01
[229,] 0.008319377 9.916806e-01
[230,] 0.011461854 9.885381e-01
[231,] 0.007721316 9.922787e-01
[232,] 0.006809651 9.931903e-01
[233,] 0.012513409 9.874866e-01
[234,] 0.011891470 9.881085e-01
[235,] 0.006863009 9.931370e-01
[236,] 0.008726488 9.912735e-01
[237,] 0.024804857 9.751951e-01
[238,] 0.016422859 9.835771e-01
[239,] 0.047059683 9.529403e-01
[240,] 0.014350653 9.856493e-01
[241,] 0.006921336 9.930787e-01
[242,] 0.007255787 9.927442e-01
[243,] 0.007616801 9.923832e-01
[244,] 0.007492499 9.925075e-01
[245,] 0.007194991 9.928050e-01
[246,] 0.010608036 9.893920e-01
[247,] 0.007492499 9.925075e-01
[248,] 0.006871709 9.931283e-01
[249,] 0.006785276 9.932147e-01
[250,] 0.008631019 9.913690e-01
[251,] 0.006820381 9.931796e-01
[252,] 0.016947608 9.830524e-01
[253,] 0.007379467 9.926205e-01
[254,] 0.008138236 9.918618e-01
[255,] 0.006921336 9.930787e-01
[256,] 0.007379467 9.926205e-01
[257,] 0.008631019 9.913690e-01
[258,] 0.018684395 9.813156e-01
[259,] 0.007185466 9.928145e-01
[260,] 0.790566378 2.094336e-01
[261,] 0.008119318 9.918807e-01
[262,] 0.050743418 9.492566e-01
[263,] 0.041206306 9.587937e-01
[264,] 0.050743418 9.492566e-01
[265,] 0.052725921 9.472741e-01
[266,] 0.008631019 9.913690e-01
[267,] 0.008426680 9.915733e-01
[268,] 0.013753168 9.862468e-01
[269,] 0.007310150 9.926898e-01
[270,] 0.007428123 9.925719e-01
[271,] 0.006956505 9.930435e-01
[272,] 0.017498485 9.825015e-01
[273,] 0.011891470 9.881085e-01
[274,] 0.007752870 9.922471e-01
[275,] 0.006950469 9.930495e-01
[276,] 0.019653635 9.803464e-01
[277,] 0.023461828 9.765382e-01
[278,] 0.007166282 9.928337e-01
[279,] 0.007953557 9.920464e-01
[280,] 0.007901255 9.920987e-01
[281,] 0.007112180 9.928878e-01
[282,] 0.009618361 9.903816e-01
[283,] 0.010688163 9.893118e-01
[284,] 0.012678242 9.873218e-01
[285,] 0.112223285 8.877767e-01
[286,] 0.050743418 9.492566e-01
[287,] 0.010608036 9.893920e-01
[288,] 0.931440629 6.855937e-02
[289,] 0.012041524 9.879585e-01
[290,] 0.006932711 9.930673e-01
[291,] 0.928435632 7.156437e-02
[292,] 0.007129883 9.928701e-01
[293,] 0.022621705 9.773783e-01
[294,] 0.011891470 9.881085e-01
[295,] 0.007310150 9.926898e-01
[296,] 0.006781180 9.932188e-01
[297,] 0.009256769 9.907432e-01
[298,] 0.006900217 9.930998e-01
[299,] 0.007245521 9.927545e-01
[300,] 0.028935961 9.710640e-01
[301,] 0.007054685 9.929453e-01
[302,] 0.007532657 9.924673e-01
[303,] 0.033329110 9.666709e-01
[304,] 0.014350653 9.856493e-01
[305,] 0.008776075 9.912239e-01
[306,] 0.008177609 9.918224e-01
[307,] 0.014146743 9.858533e-01
[308,] 0.008631019 9.913690e-01
[309,] 0.011744895 9.882551e-01
[310,] 0.049233447 9.507666e-01
[311,] 0.068314174 9.316858e-01
[312,] 0.007245521 9.927545e-01
[313,] 0.096430977 9.035690e-01
[314,] 0.007492499 9.925075e-01
[315,] 0.050743418 9.492566e-01
[316,] 0.041206306 9.587937e-01
[317,] 0.008197035 9.918030e-01
[318,] 0.006885468 9.931145e-01
[319,] 0.006876106 9.931239e-01
[320,] 0.007616801 9.923832e-01
[321,] 0.049233447 9.507666e-01
[322,] 0.006956505 9.930435e-01
[323,] 0.008080982 9.919190e-01
[324,] 0.006817577 9.931824e-01
[325,] 0.010229715 9.897703e-01
[326,] 0.006780870 9.932191e-01
[327,] 0.006812141 9.931879e-01
[328,] 0.008515183 9.914848e-01
[329,] 0.006885468 9.931145e-01
[330,] 0.011191774 9.888082e-01
[331,] 0.007660824 9.923392e-01
[332,] 0.006782134 9.932179e-01
[333,] 0.007660824 9.923392e-01
[334,] 0.011325231 9.886748e-01
[335,] 0.008025245 9.919748e-01
[336,] 0.006969244 9.930308e-01
[337,] 0.020340987 9.796590e-01
[338,] 0.006812141 9.931879e-01
[339,] 0.007453593 9.925464e-01
[340,] 0.007185466 9.928145e-01
[341,] 0.014418490 9.855815e-01
[342,] 0.050743418 9.492566e-01
[343,] 0.579112720 4.208873e-01
[344,] 0.007616801 9.923832e-01
[345,] 0.009524684 9.904753e-01
[346,] 0.007415921 9.925841e-01
[347,] 0.006932711 9.930673e-01
[348,] 0.031990297 9.680097e-01
[349,] 0.013947621 9.860524e-01
[350,] 0.007706173 9.922938e-01
[351,] 0.081014384 9.189856e-01
[352,] 0.006921336 9.930787e-01
[353,] 0.007574085 9.924259e-01
[354,] 0.006975615 9.930244e-01
[355,] 0.020697707 9.793023e-01
[356,] 0.006871709 9.931283e-01
[357,] 0.018376923 9.816231e-01
[358,] 0.006850894 9.931491e-01
[359,] 0.008776075 9.912239e-01
[360,] 0.008493071 9.915069e-01
[361,] 0.020697707 9.793023e-01
[362,] 0.007660824 9.923392e-01
[363,] 0.008025245 9.919748e-01
[364,] 0.173489763 8.265102e-01
[365,] 0.999999850 1.500092e-07
[366,] 0.050743418 9.492566e-01
[367,] 0.006989045 9.930110e-01
[368,] 0.006921336 9.930787e-01
[369,] 0.007277257 9.927227e-01
[370,] 0.071694797 9.283052e-01
[371,] 0.021438453 9.785615e-01
[372,] 0.007103738 9.928963e-01
[373,] 0.008776075 9.912239e-01
[374,] 0.006876106 9.931239e-01
[375,] 0.045001501 9.549985e-01
[376,] 0.006780870 9.932191e-01
[377,] 0.014559475 9.854405e-01
[378,] 0.009524684 9.904753e-01
[379,] 0.006785276 9.932147e-01
[380,] 0.012041524 9.879585e-01
[381,] 0.007039149 9.929609e-01
[382,] 0.014559475 9.854405e-01
[383,] 0.006791613 9.932084e-01
[384,] 0.503682333 4.963177e-01
[385,] 0.012847000 9.871530e-01
[386,] 0.006809651 9.931903e-01
[387,] 0.069981039 9.300190e-01
[388,] 0.006780870 9.932191e-01
[389,] 0.024804857 9.751951e-01
[390,] 0.010608036 9.893920e-01
[391,] 0.041206306 9.587937e-01
[392,] 0.041206306 9.587937e-01
[393,] 0.007505511 9.924945e-01
[394,] 0.144942494 8.550575e-01
[395,] 1.000000000 4.260767e-18
[396,] 0.006785276 9.932147e-01
[397,] 0.007721316 9.922787e-01
[398,] 0.009649527 9.903505e-01
[399,] 0.010569476 9.894305e-01
[400,] 0.006782134 9.932179e-01
[401,] 0.008361968 9.916380e-01
[402,] 0.009913169 9.900868e-01
[403,] 0.016422859 9.835771e-01
[404,] 0.008426680 9.915733e-01
[405,] 0.008851355 9.911486e-01
[406,] 0.022217312 9.777827e-01
[407,] 0.006847138 9.931529e-01
[408,] 0.006938414 9.930616e-01
[409,] 0.007379467 9.926205e-01
[410,] 0.007660824 9.923392e-01
[411,] 0.008007318 9.919927e-01
[412,] 0.009199323 9.908007e-01
[413,] 0.007901255 9.920987e-01
[414,] 0.010934063 9.890659e-01
[415,] 0.011744895 9.882551e-01
[416,] 0.009433224 9.905668e-01
[417,] 0.017219694 9.827803e-01
[418,] 0.009524684 9.904753e-01
[419,] 0.986771216 1.322878e-02
[420,] 0.008726488 9.912735e-01
[421,] 1.000000000 4.260767e-18
[422,] 1.000000000 4.260767e-18
[423,] 0.012195140 9.878049e-01
[424,] 0.015446463 9.845535e-01
[425,] 0.026255007 9.737450e-01
[426,] 0.026763799 9.732362e-01
[427,] 0.907968812 9.203119e-02
[428,] 0.007532657 9.924673e-01
[429,] 0.039457389 9.605426e-01
[430,] 0.010340313 9.896597e-01
[431,] 0.021822986 9.781770e-01
[432,] 0.010016199 9.899838e-01
[433,] 0.014146743 9.858533e-01
[434,] 0.006784346 9.932157e-01
[435,] 0.087258425 9.127416e-01
[436,] 0.010688163 9.893118e-01
[437,] 0.012513409 9.874866e-01
[438,] 0.033329110 9.666709e-01
[439,] 0.018076911 9.819231e-01
[440,] 0.882913987 1.170860e-01
[441,] 0.020340987 9.796590e-01
[442,] 0.017498485 9.825015e-01
[443,] 0.006782754 9.932172e-01
[444,] 0.013563269 9.864367e-01
[445,] 0.969627407 3.037259e-02
[446,] 0.006788745 9.932113e-01
[447,] 1.000000000 4.260767e-18
[448,] 0.012352405 9.876476e-01
[449,] 0.007816975 9.921830e-01
[450,] 0.010121696 9.898783e-01
[451,] 0.008177609 9.918224e-01
[452,] 0.006793165 9.932068e-01
[453,] 0.006975615 9.930244e-01
[454,] 0.011601716 9.883983e-01
[455,] 0.015681816 9.843182e-01
[456,] 0.007391272 9.926087e-01
[457,] 0.014146743 9.858533e-01
[458,] 0.006782754 9.932172e-01
[459,] 0.007062424 9.929376e-01
[460,] 0.011191774 9.888082e-01
[461,] 0.009433224 9.905668e-01
[462,] 0.007971001 9.920290e-01
[463,] 0.008583853 9.914161e-01
[464,] 0.020697707 9.793023e-01
[465,] 0.010975437 9.890246e-01
[466,] 0.009462933 9.905371e-01
[467,] 0.006782134 9.932179e-01
[468,] 0.007379467 9.926205e-01
[469,] 0.008062564 9.919374e-01
[470,] 0.015681816 9.843182e-01
[471,] 0.007078676 9.929213e-01
[472,] 0.019104430 9.808956e-01
[473,] 0.007706173 9.922938e-01
[474,] 0.018476781 9.815232e-01
[475,] 0.014418490 9.855815e-01
[476,] 0.934336991 6.566301e-02
[477,] 0.241240984 7.587590e-01
[478,] 0.011191774 9.888082e-01
[479,] 0.015922898 9.840771e-01
[480,] 0.008062564 9.919374e-01
[481,] 0.008119318 9.918807e-01
[482,] 0.010569476 9.894305e-01
[483,] 0.048131697 9.518683e-01
[484,] 0.024345719 9.756543e-01
[485,] 0.018376923 9.816231e-01
[486,] 0.006995753 9.930042e-01
[487,] 0.006785276 9.932147e-01
[488,] 0.011325231 9.886748e-01
[489,] 0.013563269 9.864367e-01
[490,] 0.009088645 9.909114e-01
[491,] 0.019993041 9.800070e-01
[492,] 0.013019780 9.869802e-01
[493,] 0.014992362 9.850076e-01
[494,] 0.007039149 9.929609e-01
[495,] 0.007574085 9.924259e-01
[496,] 0.006890189 9.931098e-01
[497,] 0.094042195 9.059578e-01
[498,] 0.011191774 9.888082e-01
[499,] 0.056518819 9.434812e-01
[500,] 0.007166282 9.928337e-01
 [ reached getOption("max.print") -- omitted 32 rows ]

$all.loglik
 [1] -88.99534 434.19005 467.10149 475.53618 478.98103 480.83552 481.83889 482.36299 482.63045 482.76547 482.83337 482.86751
[13] 482.88469 482.89334 482.89770 482.89990 482.90101 482.90157 482.90185 482.90200 482.90207 482.90211 482.90212 482.90213
[25] 482.90214 482.90214 482.90214 482.90214 482.90214 482.90214 482.90214 482.90214 482.90214 482.90214 482.90214

$restarts
[1] 0

$ft
[1] "normalmixEM"

attr(,"class")
[1] "mixEM"
[1] "BIC Values:"
[1] "Normal Distribution BIC: -668.885138818994"
[1] "Log-Normal Distribution BIC: 236.903882351283"
[1] "Exponential Distribution BIC: 804.074219215245"
[1] "Gaussian Mixture Model BIC: -940.697713279883"

The best model based on BIC is: GMM 
Interpretation:
The Gaussian Mixture Model (GMM) has the lowest BIC, suggesting latent structures or clusters in the data, indicating different player groups.
